27627
6339
13258
31617
39326
16719
4055
17881
17743
29603
16194
15244
17354
29973
2208
36034
6130
21356
28178
4923
26288
2685
26144
18480
27785
368
27526
7637
17078
9202
10727
2826
4914
39337
8681
17201
16464
26747
30401
37395
7649
34767
9865
16302
37640
14374
36553
21045
21673
26084
20007
18374
27177
8699
7533
6660
32322
19985
15246
6717
17245
16494
10852
30882
10744
27259
25792
11077
30839
19246
31032
27115
34771
33803
6796
18984
734
37834
33161
28812
14439
37676
32553
31320
18731
32183
783
38025
28598
15487
38008
34901
20202
34395
37790
12141
4375
25751
27794
28120
35991
21193
171
17390
25080
37189
13986
4039
9094
9607
30906
36433
34405
31688
6074
10768
6283
2541
36077
12708
15754
13679
3046
7297
25832
6048
26929
37210
28789
37199
30880
15106
17070
2920
13345
27819
19878
6935
8348
16611
18296
16232
18329
24546
22210
27331
39971
9868
13281
318
30136
23865
17846
1038
24515
26445
31013
8958
36438
3564
7818
32855
17470
33780
3363
19382
20972
22142
20765
13868
27956
2610
9025
37061
8108
29345
14029
31667
20135
33506
10257
22088
16506
33378
27076
21879
16987
20969
19897
2231
30392
6573
11574
18611
13785
28358
26745
36124
8166
9924
37560
31281
35931
4514
10386
678
12796
17698
4610
653
28768
9174
29575
1759
32234
17021
38410
36067
23726
35451
13428
16390
2640
1146
30390
32874
244
20099
29380
21026
32805
35776
26432
17256
21459
5232
39404
1756
28357
14633
25085
33539
6465
21431
5098
31500
37579
19056
29157
26190
32598
29192
1933
12960
26604
10760
33454
18572
29524
29686
33970
15198
562
13381
37854
30337
32147
29387
2981
1583
6171
38777
19747
19818
37437
15430
28113
2309
7484
31364
20857
16519
1947
38186
17100
33866
17950
18432
32733
7929
29050
13998
6128
36228
24497
3388
16975
25100
29763
18307
25190
13171
4918
2145
7833
11322
26880
34795
29218
31191
33947
30726
113
10067
31652
12165
10043
37830
31844
24091
5737
11030
19311
25696
1590
9456
8873
10977
26668
6970
36933
5753
3048
18585
22816
7272
3350
34668
1197
14721
9576
34110
28920
32400
32178
16730
8072
34476
21636
4460
33442
37173
28769
29401
14535
9832
16175
30885
33134
15648
651
25131
6882
12283
19926
4271
30115
17560
19886
36221
15233
10463
19163
11230
2622
39967
27877
2506
25248
1975
27723
28359
24817
30066
264
13664
15602
2753
29991
6286
4508
32187
22014
6728
11028
7438
7238
12309
11305
6614
28802
36876
39921
27327
36074
8578
33051
33826
31646
27906
6706
24206
34855
6464
789
7745
24729
4681
13778
13882
1255
39432
16133
33690
10574
31725
12773
38329
31536
31889
11746
3325
16953
23841
2138
28523
30408
3478
21944
16543
30163
12046
31378
1599
7101
11515
11124
27449
16645
8935
20148
25650
6602
19176
3349
12766
3264
32491
21334
28409
27814
29497
22022
23698
19109
9963
31544
4549
10333
19669
9380
11015
3667
19635
26526
32165
23960
36507
30049
714
14418
8656
17854
8857
35692
34104
1349
2548
31701
14285
108
22524
32547
20631
13924
16698
14243
22021
39372
38918
25538
25104
28745
286
9242
18045
4169
38976
33974
38009
13584
31438
15962
14474
34961
11879
8657
28493
35057
491
23005
16905
13593
37539
32862
26842
35825
38161
14237
15071
1221
31459
23101
29118
19596
1303
1050
429
33554
36874
37602
11650
12252
9775
10136
37893
34604
25989
25908
9376
36682
4791
20919
9274
31131
19780
23251
28217
24264
30783
29534
29924
19169
33310
4623
2676
5540
31531
26734
23152
30448
35836
8275
35553
19559
34385
16315
32179
12584
24610
35766
36078
12763
37350
24053
18876
39333
26097
2914
36937
39056
5104
16217
18124
32933
7758
18153
24453
15355
21152
28996
7936
9546
1798
3244
18145
28010
33137
14604
2768
16818
6145
31186
22393
26665
26709
7469
2082
15809
33400
28569
11245
20460
1715
3198
30652
6466
14695
37063
20409
33708
15657
1799
26154
16011
18423
36717
8617
18454
18865
15228
22601
37195
1539
10948
11677
8504
38846
32008
16999
34233
15550
7656
38501
23273
34084
21449
2811
33376
8803
27772
27108
4369
32950
25232
30250
28325
30768
7306
2991
25250
1247
19663
33517
38935
39807
7859
31789
16826
15312
9548
36775
1245
11690
19457
33525
34522
27975
37238
5549
18274
10072
35301
1585
25698
5186
37080
34008
32139
25316
17222
17908
103
8047
9492
37354
33733
4346
35584
12127
39763
25760
5813
18729
23899
25120
36962
20249
23213
17485
32145
4293
4867
34299
34382
6590
24462
15262
2139
26873
28724
35909
33022
29324
39964
10325
38536
20646
4351
37113
5389
18141
33099
14762
9327
31169
15304
2759
33066
20549
7096
19504
30619
22346
30374
22758
35117
20319
8698
26980
14760
21021
12891
29186
30244
4982
2257
7634
15474
2670
33431
30101
22347
37248
1800
994
29577
41
23231
8796
20975
34030
33888
13569
18718
7399
31048
26951
1165
1149
10110
11760
16354
38120
16092
14694
10379
27314
6619
10399
28925
16892
37167
13971
18992
24065
25604
35394
9876
2673
7170
13106
658
37269
35598
13970
2277
1360
8839
4925
20851
17590
34467
13820
11308
125
29936
32035
19241
22960
32702
6701
9308
26463
39788
9062
39319
24917
27357
18938
11402
8791
8424
12723
23604
21463
22470
30447
12515
15417
28867
20233
5758
22495
11813
12659
668
37136
34270
18429
20269
20602
35830
19208
23255
38789
17889
29001
36700
33033
24022
18870
32373
4560
7944
1618
20557
23267
34818
20611
2078
4613
3971
28659
9929
8573
9463
38505
32067
36372
13447
10555
17141
5722
38549
25369
7592
3937
10437
1073
36146
8140
5060
22337
29323
2822
18682
26172
20836
28758
16588
15313
10820
31455
11420
5655
22836
8131
19854
2924
1499
15574
24368
27829
14382
9627
35585
34611
15881
22783
14737
36308
4603
37806
3525
35466
10872
19465
6196
35517
35082
30120
1532
39328
33143
19745
21953
37569
1753
16026
5327
29914
8488
17763
22907
11109
4899
22940
22469
31079
17828
6631
10197
30022
17844
9591
15876
33565
7780
38942
13864
24039
15984
29301
21049
38939
14267
16068
11000
15594
8164
21550
22090
24856
17157
23029
10237
12093
58
28274
32138
9044
5157
21806
19847
36658
3685
10235
35573
33723
27572
24329
25116
16488
25827
17210
12819
25084
28762
15457
33553
21245
26722
34018
12793
19005
28587
21795
1971
36191
15780
9962
2744
14225
21886
33357
2040
28047
4934
7894
12603
2542
11327
39238
6853
24582
13470
30577
19797
28552
23156
26753
6559
23682
23376
25196
12230
14325
21064
13733
17991
20387
15824
31574
29656
27111
5129
20175
21284
14786
28628
20900
10848
20998
12406
34821
35381
26811
10691
29755
6808
24253
28183
19675
21261
3273
22894
13893
15254
17575
9023
13347
28405
26548
39691
28058
11144
35468
13073
18022
404
36970
11627
31443
31289
6781
10694
23949
37818
20967
16533
34025
39602
10536
39884
29217
9417
34976
9949
29909
2244
2574
23834
16347
4677
39982
35364
39609
7436
21005
37295
17500
8153
13094
25776
22866
2368
11807
15650
4955
10877
17047
26226
32101
35262
24387
29962
19317
14587
11193
2158
30753
20567
35630
9427
34518
6467
19272
14632
32836
3077
22507
2263
9441
24425
37930
39290
38144
26657
14990
1983
13672
189
5468
27653
28363
36487
22361
3504
24214
15152
31946
34759
2758
37954
20533
28075
22604
11269
18383
1751
10917
36893
23836
21292
27185
24125
225
14251
16244
29137
11882
15734
4355
2002
16426
8103
32403
6311
11431
24876
3558
19265
12307
3227
36953
34660
32964
4599
15939
15439
23553
21685
6357
7038
5038
37825
3661
34727
25291
1992
16388
8500
12080
36240
14608
31670
11126
8549
38997
10952
12788
17785
31133
23594
14307
34111
19779
36755
33856
36929
3434
31846
33248
36792
14888
23586
36584
6982
836
20329
7295
27031
34584
6236
20526
12993
22863
11413
37038
35738
32348
28018
19155
15054
5626
13790
4267
39455
13947
16432
13687
32992
6107
18874
35370
17529
7718
5286
17218
31273
36120
32317
4247
12904
2373
13846
8741
18823
33522
29015
38662
13434
11435
6678
27742
39099
20951
32007
35680
34631
35455
25159
36369
27605
1479
34297
34659
34596
4910
20651
26459
25973
8855
37092
37821
9209
37090
27199
14149
26180
11652
29130
9465
20666
24025
32280
8251
15129
1738
31049
13353
9547
24782
4628
13483
35372
12329
22435
17628
4049
8516
9063
10439
32217
29868
12974
16174
30428
10042
12939
31794
19539
2855
26277
646
32167
4004
30389
17675
4558
33293
4364
12494
39494
20162
32235
34300
31325
4245
10261
22184
27820
513
14320
9811
15126
32390
15788
30017
27762
39818
19644
18359
5265
19916
33735
37216
19800
37550
36706
30333
32293
2472
33284
36368
23254
11350
1758
17787
35338
6255
683
23719
774
10865
13649
25782
26822
36037
7254
14522
16924
1201
3606
5307
11118
16442
11985
23478
29084
19562
25168
28629
8866
35797
19377
19025
18469
5591
11173
7763
8634
1575
28387
13502
15094
13379
9689
30396
14546
635
19901
28525
6600
34295
25942
37523
12944
26316
19059
6729
28989
22582
27579
24684
32327
18158
8479
20886
5930
20124
15392
9084
17783
28283
8510
7882
19855
10634
23461
19329
24395
31709
9925
5164
5733
25723
36405
1417
4896
16392
38699
22700
20648
5364
31782
3239
7480
1513
25932
31229
25253
28281
23666
18375
12044
33112
3785
25730
5028
20238
2455
32691
13326
36967
16146
17197
37662
16582
26528
31039
13856
16496
8718
15301
32446
34630
28037
38080
10050
20289
13571
25536
18786
15584
8044
23023
10598
31941
14824
10854
29967
23045
7550
15669
6064
3995
3140
36690
5614
20089
16890
7658
25988
23080
29332
13439
15840
22829
38856
34745
27815
7276
20206
27543
22034
27320
12780
32860
37616
12620
22283
21548
33299
15377
13874
7162
28181
7516
276
4140
1637
19463
30092
28500
30335
1104
30910
17318
7980
14794
29249
26455
15298
17546
27528
372
18372
26472
27884
10807
27590
9652
12574
36732
8492
8821
2915
26974
158
29096
22062
16071
16665
4588
22244
4590
14930
12365
30791
30257
27712
32546
29108
931
6293
38842
23088
38732
2095
34036
22364
34081
5056
29336
17042
7605
639
2259
6199
11446
31427
13804
37548
24236
13598
10012
22806
6744
19284
36398
4621
13847
10986
5144
35095
26374
18759
10445
27463
21756
12382
36884
4489
26329
26031
7206
16759
18590
14379
15802
29821
26222
6587
10077
16119
34772
17937
22568
24283
24580
33102
7813
11733
28024
24455
28488
7842
33602
5235
30317
30994
26509
22198
7733
39424
5714
9353
4011
10551
38621
1818
12441
14613
34545
22025
35516
8337
20358
7317
33617
23036
32404
17300
18002
30655
24180
18052
27240
14227
10450
1200
27414
39470
35276
26004
29225
10332
23768
631
27915
24442
32461
10660
32274
34656
15945
34774
17186
2131
29808
18573
23313
24674
38427
23824
10471
7996
24804
26874
24847
37062
19666
7217
31604
26912
4262
27378
30466
10599
35288
33745
18442
33548
25415
1563
13515
32289
20977
24709
37144
38168
17703
10717
25720
13400
35409
21266
32958
19095
21758
19584
38346
2464
3105
21888
20931
3263
18287
32893
15337
2525
13042
9987
21398
34564
18126
4156
23739
28580
19686
24299
16416
36627
33610
12969
27750
7284
18667
23420
5
401
21531
19884
9913
16917
23872
19158
16040
38079
25880
23040
12419
791
23957
5750
30576
27652
36836
35188
6767
6046
13887
38948
25931
16472
32283
10180
33796
36850
2104
31557
10351
30775
30061
3548
5922
29255
23402
2952
17559
2936
28300
34853
16650
22494
11482
27552
15681
25255
23847
30849
33277
14465
25694
17891
32046
7633
38891
24815
18426
18523
9392
24470
18757
11548
3712
38388
35352
2860
17165
28537
29541
34492
27073
32936
12346
36071
27292
15934
33404
1559
23578
12185
37828
15212
11407
20440
6711
14473
34456
2877
27705
4243
36749
19709
36139
31348
9
15460
4963
26762
23011
1413
13776
11186
22315
437
19105
32782
17965
30416
39613
12992
32651
21468
23627
29214
965
36996
9189
30609
1544
28388
11812
35780
31458
28727
14703
24560
5901
39320
31403
2407
34149
435
16014
5584
38207
18738
1411
39617
35829
4505
21658
5561
37068
36473
36689
10188
33203
23257
6651
18538
34045
29457
2944
18913
20823
21203
4700
5444
36027
23469
26066
23083
2783
20416
4026
38010
34290
36756
20183
37370
16070
15659
20531
25561
36173
39702
496
9020
24424
14706
362
28399
22089
37564
23843
17824
35298
26644
212
35518
15043
16549
37588
38432
10205
35528
5393
20993
8611
4513
33819
30103
118
21762
19824
16728
10056
9516
22068
29147
37626
8948
25522
26758
25714
5953
9970
35992
34986
22639
31614
35025
27937
30340
37667
14531
35850
39013
16188
153
28706
26575
39708
36104
26279
38588
14749
39009
28926
27479
6746
30565
33963
9659
26247
3169
13129
30706
39015
4072
33616
37922
30461
39284
8450
19987
16532
6397
11777
7048
4266
16679
11481
34544
2652
21062
17776
6556
30311
23602
20831
13100
30811
25904
31161
485
16899
6864
650
1231
19758
19670
29747
29513
5479
22373
33354
4273
19582
29989
37400
2728
15239
20994
13018
7321
27842
36863
32762
427
33804
32115
26889
2045
19042
11925
35051
6802
31295
34472
21812
4105
35175
26164
7271
5720
10432
21186
24485
36713
20311
24488
35064
22747
2176
30350
4905
15153
39949
30926
14773
37507
31550
31227
33461
22722
25169
22941
25981
23318
23680
894
3793
34222
20829
7214
13907
1665
27468
39686
14121
27654
14286
19062
8281
21147
10949
6969
34592
4766
18328
19441
34971
23869
4023
19220
6267
7018
11565
35096
20288
11102
30699
21843
8812
7380
9219
29090
16152
20137
24412
16497
12491
7173
25349
33667
31235
38570
20359
2333
24791
224
28039
6232
5490
3796
19683
1678
13802
23952
2223
12325
9882
17136
33897
38956
24285
20474
14485
11119
35792
39400
29191
16049
18593
33882
13833
4429
32173
30248
5308
16875
34426
4814
5331
3898
2343
32394
30989
4786
35494
19078
21118
39215
37704
15149
28288
30786
28088
37225
38610
33762
34453
18310
35111
26014
6634
18699
31977
16072
975
14819
36251
32572
28957
7056
12933
674
22414
6945
22792
8506
16481
25012
8553
8580
32061
9674
34561
23393
21639
30463
24429
34331
35609
6007
24094
17872
35533
3418
11920
6213
27638
11593
15063
23775
25127
34908
3371
32840
23430
24628
15843
36499
39727
2995
28730
32321
12587
7134
19646
19882
3496
14172
4448
17010
8486
1023
18839
9661
29069
34142
1493
1902
19032
38966
29158
22648
29815
34253
1116
10051
27677
18036
20909
31849
10876
34519
3723
9596
16985
27210
5161
6851
5325
10984
30323
14187
32297
24563
14164
19213
13789
39389
8766
14052
39646
36418
11880
11679
6575
6909
28549
5222
14314
5928
15413
24694
22327
11832
10208
36634
36304
24304
39403
16036
30161
32911
18710
21146
29644
26327
4022
3226
39694
37718
12485
19130
15678
17082
1506
8146
8438
30149
37283
38018
31537
34662
886
39478
18806
9556
22803
19338
18664
6936
15776
5453
14920
33106
7424
18944
6954
16048
37452
11036
14026
1433
856
26580
31144
5530
35140
36578
6406
38548
7159
25980
18652
3756
6837
4866
20966
26065
18208
3035
8139
12262
35227
8905
7948
11317
405
15564
9287
7
25576
31731
29602
13706
9490
26186
33624
5670
23561
25363
10751
26681
5147
18687
14365
18001
39356
15577
25338
39224
38225
17640
17538
32389
12479
9075
4234
11406
18037
38187
3512
26339
8220
30598
17475
5483
14849
32561
35275
5956
28224
37397
664
7534
35983
29558
11145
21289
39438
15702
21429
37188
13416
7349
28293
13251
26701
29917
34988
18792
8364
38546
27649
1822
37042
38338
36381
35363
2162
33447
35159
36110
29462
1140
12660
26573
16869
9171
37873
20380
16601
29012
16763
28950
8058
31874
32215
35581
3921
20323
11074
18406
4736
17240
23298
32211
36208
37494
32833
27990
2755
2398
38407
9941
30702
5408
21554
27512
1931
27335
11449
12342
38081
4518
21627
10178
36582
15968
35998
36872
17087
2928
38400
28896
29150
829
14542
13254
4274
31454
27324
2229
22857
11775
7013
21485
25986
4552
23999
11662
12634
22285
31914
31228
36244
7674
1790
39857
11626
8002
25562
30617
1179
23290
36498
24052
3993
32017
25728
1241
36482
15421
12925
387
1988
3982
23825
34924
4561
6540
3620
36313
38092
29701
586
9484
30218
7618
20295
35522
12839
30784
23779
23998
13292
37754
27353
4038
14350
39192
20094
9489
14046
5358
28397
13222
27131
10850
16851
25271
11953
25228
35500
35191
34608
2798
19168
6076
19365
37250
31165
1072
5301
36683
27025
34968
1574
9176
5156
16703
34595
39213
22241
26116
9909
24266
28271
27334
1048
9629
3844
36862
21296
12685
36728
39930
3016
26769
35418
18132
38224
29732
31216
29038
33213
20621
14355
35146
2315
17856
15501
36246
15764
20001
21391
5035
17278
19323
7293
3998
6596
33567
9029
23585
13709
6316
22193
30825
21887
20839
9086
11997
1654
18182
33917
29470
22834
24223
35928
17172
39131
15059
23870
38309
34107
3492
21142
29641
15481
31694
2427
39141
8811
4939
4407
38073
31392
27069
25603
3791
23075
33150
25268
33876
24682
16627
5652
6104
37990
16165
6056
4236
24138
19693
21028
16151
27694
14496
16101
37536
11384
18039
21282
17831
19388
27685
33527
38470
5106
2127
36987
26779
28034
8234
447
27642
18679
4545
34796
38778
16933
20523
2083
25660
7053
3573
32185
16480
13209
19201
3370
27028
7985
29206
21280
12580
3804
9537
11699
10426
30171
30508
37391
32778
23419
7344
11681
569
33191
19778
33815
14432
28917
18835
15328
32809
1315
23493
35910
35236
5840
19910
4954
10981
26975
3943
16485
35997
1612
26793
15619
24936
10765
30770
21123
1003
20028
18116
3237
31093
9129
30521
11933
38189
17751
1489
28958
30001
26123
17184
8884
3818
24080
2304
3127
3065
29804
13654
32956
20981
19422
17687
4965
25755
10276
22395
12354
1891
21542
23317
7667
15281
4224
3778
34886
37590
11658
2226
19813
4303
22860
24114
29232
329
18547
930
25985
34833
1863
3583
6364
22486
11381
7958
5841
36552
38070
25172
1995
15241
14836
21190
34015
29933
8205
35185
21285
37975
11249
6512
5399
1098
16007
39911
5821
17579
10715
33829
12973
3570
21323
28443
25585
3744
16895
8382
25213
12293
5788
8520
26289
11518
28822
16836
32120
14834
7608
36209
28983
31479
38932
1948
15712
36674
5467
10454
8170
34052
25278
28234
8096
37
38828
35736
22212
21928
3631
13096
5171
26823
7204
290
32965
331
13275
3688
26771
8623
265
35008
15716
8744
31611
15684
13570
22054
16910
8349
2301
11250
31020
2370
27337
36068
38578
22242
5862
2392
21405
20827
32789
38872
1084
21009
28716
9722
2815
35333
27853
10579
19730
33953
37517
36924
2987
38495
23686
7493
958
37531
7530
37919
37010
39160
22922
28666
16025
15039
1562
13401
25183
31428
24771
21845
34303
33533
17457
25389
38890
3158
34764
37639
17073
7572
27451
37406
1477
4402
15621
15591
33925
14678
9668
6626
12330
14591
22219
10696
26489
24268
924
5455
20442
32001
15092
10670
32191
1496
26045
22116
10972
5817
17947
32048
34505
5631
22598
39132
25286
37971
20415
3695
17330
9788
5049
14717
25710
32908
35299
21495
26082
32342
11514
28803
32096
37363
36868
24277
39805
14728
11279
29441
1276
6235
23646
21379
3893
34925
21000
14645
24832
28440
30377
2442
10200
16078
33931
24356
1990
16401
33295
3398
26197
16120
32253
33458
37692
1061
10394
38294
9370
10604
22477
36327
1859
18871
19512
6650
19432
22807
5077
381
20705
12092
37646
24845
29983
5888
23888
36971
281
14431
2868
28788
35165
34010
33373
19732
8512
25784
7524
8968
17510
24225
23881
11183
37491
23117
26517
2445
10358
20703
36194
37119
1132
14090
26083
27435
15414
39711
39584
23450
13566
12851
34475
10219
1064
28000
14337
10537
9114
7560
23856
25458
31845
1027
24571
14950
19280
35679
28836
39266
14763
17410
24799
38171
18415
26430
23534
29622
2719
30502
18355
177
37047
31826
14384
37111
16274
39369
30733
15703
25540
24863
34746
27564
28266
3126
16768
35855
10804
15082
31487
20018
17694
28997
14236
31905
1
1708
12504
21454
36311
12595
25140
8276
20180
14723
5031
16484
19285
3588
2639
15459
30761
28267
21631
36818
32891
30380
31000
14743
35177
35715
11357
20116
23985
25008
1456
8690
29873
39190
30026
14412
574
13762
34174
26872
11517
13403
8858
4993
17363
6152
2057
17760
18764
6059
13289
34805
36922
19595
1978
26273
28748
2252
25749
2883
23293
14216
24877
19518
19986
20905
12865
2929
38260
987
13415
20655
35132
30108
33221
978
5376
15387
29341
37728
17463
26949
14094
11491
4625
16580
11566
8761
27312
22417
940
15839
53
12798
25937
30958
14538
2748
32931
14074
31728
2346
6278
17452
35426
30729
37202
23004
32164
29063
1796
32974
21856
22667
17062
12138
30321
16360
24567
13490
10818
14215
11244
34151
23582
36195
29880
20723
11129
3125
8175
8591
17838
24203
2903
23091
4093
20132
33256
6644
23196
35031
24711
16356
39206
1351
11643
18427
3720
37242
29134
8945
26950
14837
27755
24875
38649
27243
17801
6265
17791
28571
34338
24869
27355
15869
14752
28784
5639
2246
12525
16236
1492
17314
34754
6542
32743
22331
384
33070
2605
18720
3267
35294
19494
5651
26650
38613
10313
1453
24559
33179
1630
3696
2641
8169
13102
1631
26764
34406
18724
25322
31633
31021
10150
7257
36089
25124
30734
16935
33542
2425
36958
22419
1299
18180
26268
23285
14833
23984
10628
24612
26106
39505
4260
36927
15895
21057
10640
35376
717
1586
16132
15441
9009
38436
6445
18970
38123
36453
7717
21017
23501
31925
32926
32339
7878
3849
14524
17923
12843
25310
27951
32051
10157
17752
3056
22233
1075
31698
2663
26527
17858
16756
23284
2711
20062
7370
25040
39460
12892
34217
26437
20858
38395
36692
36357
32184
13077
13854
26845
16814
31492
11559
34057
2774
39588
24593
29438
13248
30021
23474
27754
27323
5159
570
23513
10547
18395
20147
28714
44
17967
25434
18482
17462
21611
17701
22201
6341
4785
31901
3068
3616
35445
11312
1189
22338
22421
22359
17026
33096
20722
27235
7183
17202
23204
3913
13040
23119
35037
32381
151
933
11556
22535
7025
29700
35567
38422
14991
25097
21596
21818
18071
2700
33821
24763
8975
24919
30691
26242
38523
31623
14575
16263
22576
6983
12821
11547
18225
37607
11840
14065
31549
30842
28214
9540
31338
36696
23443
22287
17602
30605
12981
23408
26928
32988
23240
13475
25374
21371
37469
35122
12838
32053
19140
21573
7862
27172
15899
15260
31751
26200
10873
19245
15747
35342
24681
26944
13429
13599
32884
38179
19255
22800
38194
11196
23260
31657
5016
29391
20173
34137
23414
20949
400
7932
36095
10476
39539
13689
15066
13897
1204
18604
23145
18303
7318
1835
8241
17689
33478
20739
22487
1207
9844
13481
39981
2975
8771
17997
14513
36544
15638
431
32742
9528
39934
30407
20795
29681
23782
29104
7150
555
36399
15388
34199
20777
8758
24496
7724
31647
19808
37863
408
32119
5755
20635
21763
3404
13295
21084
13628
13982
27038
34856
30805
17721
1615
12289
39335
6938
32099
25445
37789
15655
3207
5105
896
16526
29694
20036
30657
8746
20893
36695
20121
17877
14634
24402
28311
34267
29358
6760
36988
949
4909
3302
26795
33097
27529
28842
31188
25654
27972
12278
23057
4470
1158
21800
36840
29662
29938
1472
24290
11788
13330
13787
20431
20190
96
21591
4631
15897
10398
20746
29683
12332
7141
12118
21919
8978
18169
1185
29373
6440
2200
5431
5560
7019
29892
25371
17713
21878
27161
10196
21232
32560
29052
34866
5551
27625
36115
18747
28874
515
31365
6411
39446
13212
21628
12774
23296
22050
26683
12653
36677
31019
7256
20024
35327
5422
38957
18250
1718
26419
13054
30106
32575
16286
32753
2726
6101
11029
12214
16149
23401
3819
30886
2447
36354
6624
20142
18968
7429
4155
28596
39677
38214
29895
12054
36455
11891
17729
37266
9058
6158
29162
29340
12310
8407
30740
14037
33490
8237
30301
15822
29473
3934
33071
15819
14401
33494
36892
21940
13086
4640
21558
16592
34458
32249
9599
5785
31292
26582
36579
33477
21706
3096
2177
37739
11944
35148
19225
38147
33783
27830
16773
3629
950
4968
2025
32216
25955
8369
9352
12013
37730
28947
11890
13914
35974
34367
7108
32773
32622
31695
33719
9036
34918
36963
10753
36274
28466
38917
39307
17086
19206
1117
10442
23948
3633
28369
14838
30587
38292
4019
39223
12686
16989
2462
28241
4242
23734
10240
6442
37944
5620
14597
6503
34427
12787
12414
36206
27999
24127
24627
4428
19507
14512
4953
33237
18694
25959
22351
18408
35386
3173
19771
2331
38859
18483
35224
5499
12860
1915
27164
18778
24030
11800
2053
32975
8244
8023
6571
37907
6304
25535
35755
24954
10269
30921
12446
39457
31802
7570
27351
9229
38820
39676
35631
20139
34271
2004
32650
9572
35263
9754
9459
34268
3777
18600
15663
38387
34808
12987
17734
4221
22281
30386
26080
5771
27725
36175
8431
1693
17930
3503
48
19286
18733
6910
36870
13885
5578
8724
20617
4964
4280
22240
23481
13714
37861
30620
13093
28273
38762
33799
14161
39682
26236
14159
36296
18848
17779
32823
30489
24059
39109
37206
10633
15469
34176
25687
21351
35328
28049
18197
26619
34254
16277
23886
17128
5709
37146
2154
32352
20897
39362
17715
20932
25302
4461
14293
5743
24544
11086
34634
21339
16723
6386
12378
24966
17242
9914
16454
23470
15306
27971
18995
27714
14992
23342
12233
24702
1934
15029
16603
29945
34879
14206
8263
649
8435
23554
20185
31074
10090
34974
18974
39958
12699
18595
32538
33806
7343
1660
35786
21043
8854
15214
2595
20419
29269
27358
26315
17894
38399
14696
39073
5704
6672
20105
29306
17339
23715
21515
27988
39935
14651
30559
38254
27352
16261
8827
13307
38192
37796
38756
6096
39482
1514
15554
19492
23140
5975
23111
36725
26756
20487
26162
26717
13113
960
739
18513
7801
10002
9699
13844
7122
33546
19687
19302
13922
10134
24196
6799
31656
16090
23785
16817
20675
35815
37058
20407
26143
2972
9996
22302
18725
35326
2329
39576
4018
28326
533
11167
13884
8964
13168
867
24029
17286
3518
36484
17568
14631
25925
37775
10135
34787
32360
20113
5073
13624
8919
22701
37980
16675
20349
10798
677
1592
38516
35629
23016
14075
36844
32428
39789
181
13262
23634
27777
8635
796
31012
22915
47
23322
37716
22883
29389
10502
14331
34603
31973
35460
18554
25443
14340
38138
8434
18028
34225
11178
36697
34011
35032
32088
14131
21011
11603
1904
32649
12248
34828
2429
6216
25575
2615
11132
26360
38604
38852
24821
29608
16169
2144
38645
20199
13815
4658
24792
15480
22719
16658
20182
29222
6183
36466
35590
30545
27651
20876
37004
7635
11692
20264
21309
14163
26020
21276
24245
16531
31160
24998
6730
9282
5706
18447
7014
33699
38402
34916
2813
9177
21872
24155
33451
8630
31696
23211
350
11047
21306
19899
15850
17706
10655
25315
37544
27555
23236
38088
5205
26392
10510
10900
20797
8231
3611
21413
2181
39342
22279
29245
31503
28965
38302
5448
12955
36035
37112
19381
34189
7699
15883
862
2634
2192
24473
29861
30723
14142
11062
5318
22928
32618
22328
10839
9006
26835
20153
27716
26512
1770
24615
31415
25161
6750
13294
23389
10361
13499
19509
24783
6417
23087
30767
12764
5121
20490
28595
6933
33870
26775
6788
20056
18044
14263
24415
11085
18543
10355
10695
19807
39283
24896
32631
22005
37682
30914
2227
14165
28777
37149
16364
3075
28763
30899
28471
13538
22041
25759
30318
7900
12430
25787
6824
10597
26750
4853
18251
6531
38462
21362
13269
3210
759
38542
33153
23249
5523
10093
22725
28043
34347
5622
26731
27
33817
27074
34071
5432
14023
5336
6884
18737
11676
37941
15693
28428
30385
2437
16250
26205
11826
906
33309
38863
27165
9402
16721
10498
34640
19851
21605
2696
18959
32669
14072
39046
26594
29634
5790
18734
12893
15479
4032
18690
3191
12335
34324
4557
23343
9946
33545
25864
15136
2126
5250
30456
16654
32345
11802
21024
12962
18671
16130
38215
25633
29833
4413
7695
19190
3328
31115
35885
21539
16430
19896
12212
21299
33670
3942
3419
30465
7124
31567
8874
2389
30930
12523
33623
29817
21257
38128
39916
26993
7742
14494
17374
30894
23518
35788
7662
17138
15902
12600
27010
13387
38188
20961
24912
22412
27002
34562
30114
12405
24219
21644
10519
22250
20826
2589
11116
5633
5878
20483
607
6918
39419
32831
33798
4551
31333
36669
20404
12296
12439
32202
26368
11094
31933
8355
24842
3865
152
25043
34852
1521
5312
13071
8881
25624
9093
34749
1471
33673
37281
37770
24210
9609
3928
2569
3938
32766
33327
39187
36504
33267
122
1275
29216
34894
33889
7840
7210
36672
22246
6137
20145
29227
26969
18129
6257
26507
31600
24116
25905
56
34626
2866
4721
18417
608
17181
24683
809
33443
21055
17001
11486
36532
35587
17250
36750
5014
10164
16491
8097
2889
30102
3083
5680
12422
33965
2680
23796
22465
30522
27341
4101
18911
4158
15277
33816
23707
39128
28539
33991
11263
1557
20088
37407
9535
17918
10362
8125
34257
1613
32427
39341
34978
33368
26550
12009
1959
25518
21368
3338
19394
15282
33417
28640
15211
24073
36464
31579
36982
16342
19303
13667
36715
6109
29330
34012
5142
17603
6840
11164
31360
8298
12495
20960
28563
23031
5866
7850
4414
7686
22017
29120
10239
16671
31568
15120
12426
6694
38237
26234
3486
8993
5710
28633
37352
5194
36166
2964
35420
4795
11158
19061
12181
20606
27674
35343
38069
24657
22694
37766
26695
38991
5137
16374
6487
14282
12599
32442
6368
20657
22225
1046
2910
9409
5606
15690
19871
7769
33629
5946
8877
34741
31215
15595
23377
23712
13412
27478
26774
10823
10926
34073
30170
17696
22989
17331
24579
13115
4517
16874
2878
2391
13361
14840
24199
27894
8645
25155
3605
33470
7654
20629
27432
22141
22822
7453
27726
14986
16970
17223
18186
9272
786
7196
18401
2912
38865
1779
22057
18189
39324
23704
16894
34539
3628
3212
24238
2946
16032
16530
19773
37688
20277
3477
7143
20452
1394
8368
1420
35564
16556
14217
29532
1159
33894
36093
25435
6192
31676
19071
14143
29411
11810
21420
35170
6866
14388
12090
9147
15201
13773
12361
10477
36951
28701
20792
15958
31692
13440
28801
2482
18698
23221
22931
17502
30992
38334
9923
24437
20443
39589
15570
17497
33996
30869
22943
28522
8845
9042
4188
12306
32475
10526
22956
5906
25355
23684
13888
1600
39366
14128
35514
11165
7831
34810
13418
35469
5118
30121
22284
22410
13257
39303
32714
9000
38007
25062
10868
20406
19347
17724
3322
7320
15465
34582
13130
13177
18645
34939
21557
25528
4548
34113
3089
11339
37924
21643
33536
15871
24820
12263
32993
39152
24365
35438
39035
29333
7709
16810
10153
27757
19068
7328
33127
9208
23708
8185
32849
1974
24777
33215
35733
18295
1620
18269
528
33902
4195
19456
18552
453
32961
31626
640
15920
9795
20112
10221
9983
34429
23961
3312
15216
14308
30328
39397
24519
27438
19065
39573
35472
25740
16031
3768
1457
8754
31508
4196
6004
28916
32523
22685
25367
9505
14079
18053
17476
2600
35150
26109
36705
16903
21674
12396
4014
21942
39574
19310
11429
37365
27088
29540
5375
1078
22080
33131
17109
12578
13432
2109
38286
3823
35985
38916
20710
16621
11538
10951
38503
7679
30145
19086
39454
19236
31218
5569
39975
6881
26910
11333
6726
20054
11149
15992
26185
13837
13188
12897
23047
39960
26805
27308
7163
13233
30339
20863
31972
22282
255
18292
14764
5951
38313
9638
11838
8991
36293
29829
1449
19638
1024
39555
25076
2494
18048
30150
39453
14276
6407
36529
38819
22467
39798
611
18160
20753
8271
14821
20934
31965
36950
15918
18422
35652
27476
29816
5640
27530
7094
28664
12320
21526
32846
5419
11336
19618
19602
29627
17653
22064
32459
17187
3919
20130
9355
18448
11682
34999
27583
34383
29349
24407
29573
2024
10971
16108
20212
39936
16193
23337
4648
18266
16509
30765
9810
22554
38530
3632
5253
2688
2007
33073
9033
37449
33372
4159
21767
17979
35086
18450
6461
29538
32308
1711
9440
29392
1524
5744
15275
38514
32443
1398
18857
25594
20598
6891
25252
21031
6822
20178
6151
18711
35239
5683
28510
35190
13530
20644
20913
13424
12336
1943
6637
35961
34389
18188
10506
35744
15991
34893
7353
26834
14086
38858
16685
1260
29388
29660
12149
37485
16052
23306
5388
38947
33386
11936
19574
36411
19136
5401
1282
10963
26876
23411
31820
5173
38190
31975
39077
13455
22134
8186
5806
9975
30653
16325
2598
37799
9559
9846
20627
32281
28534
7708
27622
32102
29176
37769
18404
17064
25088
2089
36916
31208
27885
16775
23385
29014
9922
34478
25951
36659
14890
824
5269
38534
14363
34259
37446
35291
29713
14416
3275
29252
10775
19421
22294
16712
1436
2363
1166
19454
4738
25067
18003
3144
1167
14918
15045
21786
1605
33630
20446
10380
7483
9904
22310
22103
572
36785
8200
36041
21153
9470
39500
2607
14162
39075
29297
19341
5404
9541
19289
13891
34937
14674
32378
22069
13678
34836
31294
25424
12443
25766
7161
3167
31319
1018
11541
23445
848
22257
3543
12134
37623
32240
24498
32287
31040
26074
2969
25182
14616
1558
6384
36328
27421
31465
20844
36362
10245
30902
27824
22195
7693
11304
20219
15735
6378
20861
21370
2738
3520
30693
13196
24319
22527
5243
24044
27313
19838
4947
18897
7643
26714
13232
15970
35990
1460
3851
15651
19973
34566
4185
39769
25608
6532
11512
7664
14732
28419
38298
28298
6279
26025
1508
33879
13535
6578
23965
27776
31383
32154
38176
30664
8351
25923
32284
1209
127
27921
5446
35958
26768
14444
29116
7117
14490
38232
1071
8752
15394
30230
13961
27024
18207
20140
8728
13602
6608
39827
38642
23700
1663
1333
4564
8625
30679
15769
26760
18265
10853
4890
18931
21319
2115
33918
17478
25583
24986
7665
38041
15848
29246
12210
8986
39440
12705
32346
8590
12224
34394
26813
38150
25419
12522
15954
12050
7557
36445
3692
7035
24076
3403
14982
10216
18006
14351
27560
31399
13227
26743
25779
20986
37351
32671
30113
3473
35549
21517
6175
3318
14210
1804
21797
13692
8663
26596
17669
13621
28960
17608
11051
21143
502
26385
7195
24254
3228
16069
4760
2044
35646
38609
23988
21538
15544
39773
21941
26171
34224
26902
14843
20306
16578
33238
7575
31685
16623
16061
35360
16738
2224
29282
33880
204
4763
28100
17780
27008
8922
17414
25589
31819
24633
5403
20144
30208
4390
10173
30383
8885
36245
7154
9216
39703
16744
1982
22751
22145
35335
1626
35854
19966
22835
13013
18154
30809
2269
23407
35605
12156
24017
8272
1839
1872
10286
10530
3011
28255
22402
620
32780
17571
21784
25386
39693
1236
29859
30312
36505
11849
15483
5472
27287
30459
29974
798
11066
3691
8029
20470
30956
22653
5576
15999
39409
6462
23788
19866
20324
6054
3817
16743
26602
15448
19469
7358
37422
19332
19001
30779
14219
20502
26283
34873
889
24129
26211
23959
21120
32659
1622
31577
10418
17753
3524
27424
9323
1805
25917
16923
2582
19632
28857
9223
7054
30520
37184
29474
2240
26777
30011
19984
22320
39301
17857
33249
22546
33029
11386
25036
13732
909
26712
36040
5557
35142
2553
21544
1164
16979
28530
12500
32744
4096
35449
23172
22475
3582
27720
16694
8987
1782
13066
7757
13770
21656
8953
37751
22349
14278
20437
22318
26361
19554
36298
4013
5168
21935
18610
82
33982
30332
23396
27395
38652
38834
36325
12078
3454
5739
38953
1438
28069
1485
38481
17355
4744
33319
39088
32260
11391
31425
36829
1670
28249
19879
27733
11825
1087
7463
17826
10837
34230
27103
27179
27912
5181
2916
16010
6749
34051
39564
25251
85
24517
24549
23568
22852
12052
12526
27876
23883
32079
23609
22788
15800
16676
29885
21500
7227
6200
19612
16228
20366
12124
1326
18407
5115
34145
15575
7857
20365
34212
25610
13707
19156
12984
26787
918
31745
1404
4816
11252
39507
13362
27141
16241
25525
16211
15194
30423
12536
14505
35252
31264
28599
19848
4615
19868
36122
22202
7979
38136
6247
2842
16252
14584
36087
915
29289
22714
11500
37454
22903
25366
12957
6821
20122
8286
11781
18553
27953
31666
30436
4959
32947
32104
24104
36738
4259
16579
20119
4555
17583
28210
30005
46
2195
5009
6365
24640
34675
7756
22531
19821
12484
14643
9727
36480
34489
24973
26387
13458
28247
9295
36416
31509
1329
15323
14553
219
16221
10763
25555
37275
32635
37964
39987
24294
38443
3532
30772
1762
21747
4144
1955
24939
11048
26810
1014
34024
10612
28542
14539
17582
6957
16237
36013
32534
1552
22506
12271
25990
8268
8059
39176
9840
15099
25287
30792
29896
20712
5809
10254
32811
25047
21188
38967
33474
29458
30355
33891
1633
24597
29515
38807
31858
18362
15110
3619
19192
24370
18018
16405
26317
35182
16002
29976
23844
34386
30147
19051
2243
13274
31266
1604
1428
324
29002
3708
30241
22037
17308
34243
18670
13898
39843
26782
36923
39202
29514
24247
8851
133
1291
29350
5071
26431
23618
36551
25256
19290
20489
36288
35033
36207
34830
12079
7253
12696
32578
1740
17562
12399
8535
13880
27504
30072
25574
11503
13527
3711
35547
16708
12213
22998
5097
32255
33241
21183
6703
35387
29969
26649
